cycles formed in senior staff-
1 17 3 20 15 26 25 8 24 14 21 11 9 2 12 1
4 13 19 7 16 6 23 4
5 18 10 22 5

cycles formed in non senior staff-
1 58 75 20 91 113 117 50 100 126 64 52 43 102 3 16 26 8 13 19 5 87 47 127 14 49 36 35 82 84 67 46 22 112 38 6 28 33 101 68 1
2 83 88 34 41 7 54 15 29 11 53 120 121 72 60 24 80 114 21 44 94 18 48 65 4 23 109 27 85 103 70 124 95 89 12 17 71 62 39 57 97 10 79 76 93 92 77 42 31 51 99 2
9 118 69 40 96 81 111 122 45 63 86 116 66 107 9
25 56 55 74 123 32 59 61 105 115 106 110 73 98 90 78 30 37 25
104 119 125 104
108 108


in new data, no modification needed in week2 data.